# This file may be used to create an environment using:
# $ conda create --name <env> --file <this file>
# platform: win-64
annotated-doc=0.0.4=pypi_0
annotated-types=0.7.0=pypi_0
anyio=4.12.0=pypi_0
bcrypt=5.0.0=pypi_0
bzip2=1.0.8=h2bbff1b_6
ca-certificates=2025.12.2=haa95532_0
certifi=2025.11.12=pypi_0
charset-normalizer=3.4.4=pypi_0
click=8.3.1=pypi_0
colorama=0.4.6=pypi_0
exceptiongroup=1.3.1=pypi_0
expat=2.7.3=h9214b88_0
fastapi=0.123.8=pypi_0
greenlet=3.3.0=pypi_0
h11=0.16.0=pypi_0
httpcore=1.0.9=pypi_0
httptools=0.7.1=pypi_0
httpx=0.28.1=pypi_0
idna=3.11=pypi_0
itsdangerous=2.2.0=pypi_0
jinja2=3.1.6=pypi_0
libffi=3.4.4=hd77b12b_1
libzlib=1.3.1=h02ab6af_0
markupsafe=3.0.3=pypi_0
openssl=3.0.18=h543e019_0
passlib=1.7.4=pypi_0
pip=25.3=pyhc872135_0
pydantic=2.12.5=pypi_0
pydantic-core=2.41.5=pypi_0
python=3.10.19=h981015d_0
python-dotenv=1.2.1=pypi_0
python-multipart=0.0.20=pypi_0
pyyaml=6.0.3=pypi_0
requests=2.32.5=pypi_0
setuptools=80.9.0=py310haa95532_0
sqlalchemy=2.0.44=pypi_0
sqlite=3.51.0=hda9a48d_0
sqlmodel=0.0.27=pypi_0
starlette=0.50.0=pypi_0
tk=8.6.15=hf199647_0
typing-extensions=4.15.0=pypi_0
typing-inspection=0.4.2=pypi_0
tzdata=2025b=h04d1e81_0
ucrt=10.0.22621.0=haa95532_0
urllib3=2.6.0=pypi_0
uvicorn=0.38.0=pypi_0
vc=14.3=h2df5915_10
vc14_runtime=14.44.35208=h4927774_10
vs2015_runtime=14.44.35208=ha6b5a95_10
watchfiles=1.1.1=pypi_0
websockets=15.0.1=pypi_0
wheel=0.45.1=py310haa95532_0
xz=5.6.4=h4754444_1
zlib=1.3.1=h02ab6af_0
